Sample	Library	End	Std	Pos	A	C	G	T	Total	G>A	C>T	A>G	T>C	A>C	A>T	C>G	C>A	T>G	T>A	G>C	G>T	A>-	T>-	C>-	G>-	->A	->T	->C	->G	S
*	*	3p	+	1	7831	5489	5692	7866	26878	76	1	4	2	3	5	2	4	2	1	2	1	0	0	0	0	0	0	0	0	0
*	*	3p	+	2	7928	5642	5688	7783	27041	50	4	3	4	4	1	4	2	3	3	0	2	0	0	0	0	0	0	0	0	0
*	*	3p	+	3	7847	5656	5914	7818	27235	32	4	3	2	2	4	1	1	2	2	3	1	0	0	0	0	0	0	0	0	0
*	*	3p	+	4	7914	5630	5853	7836	27233	22	1	3	3	6	4	2	1	4	2	3	4	0	0	0	0	0	0	1	0	0
*	*	3p	+	5	7838	5790	5718	7890	27236	17	2	4	3	3	4	3	1	3	4	1	1	0	0	0	0	0	0	0	0	0
*	*	3p	+	6	8013	5687	5616	7920	27236	11	3	4	2	2	3	2	2	2	3	4	2	0	0	0	0	0	0	0	0	0
*	*	3p	+	7	7894	5752	5697	7895	27238	6	5	1	2	2	0	4	1	2	3	0	1	0	0	0	0	0	0	0	0	0
*	*	3p	+	8	7885	5747	5714	7891	27237	6	5	3	4	3	1	3	3	5	3	4	5	0	0	0	0	0	0	0	0	0
*	*	3p	+	9	7855	5685	5786	7911	27237	3	3	2	3	2	2	1	4	5	2	3	0	0	0	0	0	0	1	0	0	0
*	*	3p	+	10	7879	5735	5788	7835	27237	8	1	3	1	1	5	1	4	4	5	3	2	0	0	0	0	0	0	0	0	0
*	*	3p	+	11	7845	5699	5771	7923	27238	7	2	4	3	1	3	3	4	2	4	1	1	0	0	0	0	0	0	0	0	0
*	*	3p	+	12	7850	5787	5739	7862	27238	8	4	3	0	2	2	0	3	4	0	2	0	0	0	0	0	0	0	0	0	0
*	*	3p	+	13	7694	5858	5734	7952	27238	5	1	3	2	3	4	1	1	5	0	2	3	0	0	0	0	0	0	0	0	0
*	*	3p	+	14	7776	5740	5758	7964	27238	5	2	5	1	6	2	1	3	3	4	6	4	0	0	0	0	0	0	0	0	0
*	*	3p	+	15	7827	5745	5641	8025	27238	6	5	1	5	4	7	3	4	4	1	1	2	0	0	0	0	0	0	0	0	0
*	*	3p	+	16	7793	5652	5891	7902	27238	4	3	3	4	4	1	3	2	4	0	1	0	0	0	0	0	0	0	0	0	0
*	*	3p	+	17	7838	5744	5731	7925	27238	7	1	3	1	0	2	3	3	2	0	6	2	0	0	0	0	0	0	0	0	0
*	*	3p	+	18	7832	5702	5667	8037	27238	1	0	0	2	2	0	4	4	2	2	0	0	0	0	0	0	0	0	0	0	0
*	*	3p	+	19	7985	5798	5626	7829	27238	5	2	2	1	2	1	4	2	2	1	1	2	0	0	0	0	0	0	0	0	0
*	*	3p	+	20	7888	5807	5640	7903	27238	7	1	2	1	2	3	0	1	0	0	1	3	0	0	0	0	0	0	0	0	0
*	*	3p	+	21	7851	5754	5708	7925	27238	5	1	2	4	3	4	1	1	3	1	1	2	0	0	0	0	0	0	0	0	0
*	*	3p	+	22	7785	5681	5671	8101	27238	5	2	0	1	0	1	0	1	1	1	1	0	0	0	0	0	0	0	0	0	0
*	*	3p	+	23	7865	5732	5722	7919	27238	3	2	1	1	2	3	1	1	1	0	0	4	0	0	0	0	0	0	0	0	0
*	*	3p	+	24	7757	5829	5690	7962	27238	1	2	5	4	3	3	2	0	2	2	2	0	0	0	0	0	0	0	0	0	0
*	*	3p	+	25	7867	5852	5622	7897	27238	3	3	5	2	2	1	0	3	7	4	5	1	0	0	0	0	0	0	0	0	0
*	*	3p	+	26	7925	5782	5600	7931	27238	4	1	5	2	9	0	4	1	1	2	1	2	0	0	0	0	0	0	0	0	0
*	*	3p	+	27	7939	5644	5805	7850	27238	8	3	2	2	4	3	2	4	1	3	3	0	0	0	0	0	0	0	0	0	0
*	*	3p	+	28	8007	5649	5689	7893	27238	4	5	5	1	0	3	1	0	6	0	5	3	0	0	0	0	0	0	0	0	0
*	*	3p	+	29	8038	5639	5803	7758	27238	6	3	3	2	4	0	4	3	2	2	2	1	0	0	0	0	0	0	0	0	0
*	*	3p	+	30	7813	5703	5805	7917	27238	9	3	2	1	4	2	0	2	3	4	4	2	0	0	0	0	0	0	0	0	0
*	*	3p	+	31	7884	5759	5754	7841	27238	7	6	3	2	3	0	3	2	4	3	2	4	0	0	0	0	0	0	0	0	0
*	*	3p	+	32	7871	5662	5774	7931	27238	4	5	2	3	5	4	6	2	2	4	0	3	0	0	0	0	0	0	0	0	0
*	*	3p	+	33	7933	5716	5762	7827	27238	1	11	2	1	2	2	2	1	4	1	4	3	0	0	0	0	0	0	0	0	0
*	*	3p	+	34	7957	5645	5745	7891	27238	11	10	1	0	3	7	0	1	1	5	3	1	0	0	0	0	0	0	0	0	0
*	*	3p	+	35	7920	5756	5683	7879	27238	3	14	6	0	1	1	3	5	2	4	1	0	0	0	0	0	0	0	0	0	0
*	*	3p	+	36	7719	5591	5473	7307	26090	3	10	5	5	4	4	4	3	5	3	3	2	0	0	0	0	0	0	0	0	0
*	*	3p	+	37	7203	5307	5318	7109	24937	4	8	2	1	2	4	3	4	1	2	2	1	0	0	0	0	0	0	0	0	0
*	*	3p	+	38	6958	4958	5053	6850	23819	3	17	4	2	3	6	3	1	3	1	3	2	0	0	0	0	0	0	0	0	0
*	*	3p	+	39	6594	4730	4860	6480	22664	3	10	6	0	4	3	1	0	1	6	2	0	0	0	0	0	0	0	0	0	0
*	*	3p	+	40	6217	4518	4584	6256	21575	6	13	1	0	5	4	3	0	2	4	0	0	0	0	0	0	0	0	0	0	0
*	*	3p	+	41	5932	4332	4397	5912	20573	5	9	3	3	5	3	2	0	1	2	2	0	0	0	0	0	0	0	0	0	0
*	*	3p	+	42	5623	4133	4111	5736	19603	3	9	5	0	3	1	0	4	3	3	0	0	0	0	0	0	0	0	0	0	0
*	*	3p	+	43	5324	3885	3893	5415	18517	3	16	1	1	2	2	3	3	3	4	0	1	0	0	0	0	0	0	0	0	0
*	*	3p	+	44	5172	3698	3638	5015	17523	3	17	2	4	0	0	2	1	1	3	3	3	0	0	0	0	0	0	0	0	0
*	*	3p	+	45	4844	3452	3434	4785	16515	1	10	1	1	3	1	0	1	0	4	0	1	0	0	0	0	0	0	0	0	0
*	*	3p	+	46	4529	3276	3193	4506	15504	2	18	2	4	0	2	1	2	2	3	1	0	0	0	0	0	0	0	0	0	0
*	*	3p	+	47	4190	3024	3085	4270	14569	3	14	3	3	2	2	1	0	1	2	0	1	0	0	0	0	0	0	0	0	0
*	*	3p	+	48	3981	2908	2914	3964	13767	2	10	3	3	1	2	1	1	0	2	2	0	0	0	0	0	0	0	0	0	0
*	*	3p	+	49	3764	2738	2744	3736	12982	0	8	0	0	2	2	0	1	4	4	2	1	0	0	0	0	0	0	0	0	0
*	*	3p	+	50	3552	2577	2515	3525	12169	1	8	0	0	1	1	0	0	2	3	0	2	0	0	0	0	0	0	0	0	0
*	*	3p	+	51	3295	2396	2405	3332	11428	0	9	1	4	0	3	2	1	1	0	1	1	0	0	0	0	0	0	0	0	0
*	*	3p	+	52	3115	2277	2284	3062	10738	4	8	1	1	0	1	1	0	2	0	1	2	0	0	0	0	0	0	0	0	0
*	*	3p	+	53	2959	2042	2136	2907	10044	4	6	0	3	0	1	2	1	0	0	1	0	0	0	0	0	0	0	0	0	0
*	*	3p	+	54	2675	2011	1991	2745	9422	1	2	0	1	1	1	1	0	0	0	0	2	0	0	0	0	0	0	0	0	0
*	*	3p	+	55	2580	1867	1891	2524	8862	0	6	3	0	1	0	0	1	2	0	0	0	0	0	0	0	0	0	0	0	0
*	*	3p	+	56	2504	1738	1698	2355	8295	1	10	1	1	2	0	2	1	1	1	0	0	0	0	0	0	0	0	0	0	0
*	*	3p	+	57	2267	1619	1644	2263	7793	2	8	3	1	1	1	0	2	2	3	1	2	0	0	0	0	0	0	0	0	0
*	*	3p	+	58	2088	1543	1604	2093	7328	2	7	1	0	1	1	3	0	1	1	0	0	0	0	0	0	0	0	0	0	0
*	*	3p	+	59	2022	1406	1401	1986	6815	0	8	0	2	0	0	0	1	1	0	0	1	0	0	0	0	0	0	0	0	0
*	*	3p	+	60	1881	1307	1388	1783	6359	2	2	2	1	2	2	0	1	1	0	0	1	0	0	0	0	0	0	0	0	0
*	*	3p	+	61	1698	1274	1272	1727	5971	0	7	1	1	2	3	0	2	1	0	0	0	0	0	0	0	0	0	0	0	0
*	*	3p	+	62	1580	1191	1171	1633	5575	1	4	1	1	2	0	0	0	3	1	2	0	0	0	0	0	0	0	0	0	0
*	*	3p	+	63	1523	1065	1122	1524	5234	1	2	1	2	0	0	1	0	1	0	0	0	0	0	0	0	0	0	0	0	0
*	*	3p	+	64	1485	1010	1020	1393	4908	0	1	0	0	0	1	0	0	1	2	0	0	0	0	0	0	0	0	0	0	0
*	*	3p	+	65	1363	979	968	1261	4571	1	4	1	0	1	0	0	0	0	2	0	0	0	0	0	0	0	0	0	0	0
*	*	3p	+	66	1257	892	873	1232	4254	2	4	0	0	0	1	2	0	2	0	0	0	0	0	0	0	0	0	0	0	0
*	*	3p	+	67	1127	865	813	1146	3951	0	3	1	2	0	1	0	0	0	0	0	0	0	0	0	0	0	0	0	0	0
*	*	3p	+	68	1034	755	772	1075	3636	0	3	1	2	0	1	0	0	0	0	0	1	0	0	0	0	0	0	0	0	0
*	*	3p	+	69	974	698	693	983	3348	1	4	0	0	0	0	0	0	0	0	0	0	0	0	0	0	0	0	0	0	0
*	*	3p	+	70	858	675	644	909	3086	1	0	1	3	1	0	0	0	0	1	0	0	0	0	0	0	0	0	0	0	0
*	*	3p	-	1	7737	5703	5504	7752	26696	95	1	1	5	7	3	4	5	5	4	8	2	0	0	0	0	0	0	0	0	0
*	*	3p	-	2	7775	5740	5538	7818	26871	66	3	8	6	3	3	3	5	7	0	3	3	0	0	0	0	0	0	0	0	0
*	*	3p	-	3	7765	5724	5859	7719	27067	32	2	5	0	4	7	2	0	2	0	2	4	0	0	0	0	0	0	0	0	0
*	*	3p	-	4	7829	5593	5728	7918	27068	24	6	5	4	3	1	2	4	7	3	4	3	0	0	0	0	0	0	0	0	0
*	*	3p	-	5	8062	5719	5600	7688	27069	18	4	2	4	3	4	1	2	1	4	1	4	0	0	0	0	0	0	0	0	0
*	*	3p	-	6	7824	5730	5662	7854	27070	15	2	2	1	5	5	0	1	6	3	1	0	0	0	0	0	0	0	0	0	0
*	*	3p	-	7	7867	5672	5661	7870	27070	6	4	3	0	6	1	1	2	4	3	1	3	0	0	0	0	0	0	0	0	0
*	*	3p	-	8	7877	5602	5699	7891	27069	12	3	5	5	1	4	2	2	4	2	4	2	0	0	0	0	0	0	0	0	0
*	*	3p	-	9	7835	5551	5727	7957	27070	7	3	4	4	6	5	2	2	2	2	2	6	0	0	0	0	0	0	0	1	0
*	*	3p	-	10	7890	5749	5628	7804	27071	11	5	8	4	5	5	3	1	2	2	2	3	0	0	0	0	0	0	0	0	0
*	*	3p	-	11	7920	5648	5591	7912	27071	9	5	5	3	3	1	2	0	2	5	2	4	0	0	0	0	0	0	0	0	0
*	*	3p	-	12	7774	5679	5699	7919	27071	5	3	5	2	7	6	2	3	4	2	1	2	0	0	0	0	0	0	0	0	0
*	*	3p	-	13	7748	5763	5773	7787	27071	8	4	4	2	2	2	1	0	2	3	3	2	0	0	0	0	0	0	0	0	0
*	*	3p	-	14	7884	5627	5814	7746	27071	8	4	2	7	2	1	3	0	4	1	3	1	0	0	0	0	0	0	0	0	0
*	*	3p	-	15	7841	5723	5677	7830	27071	5	3	4	2	8	4	2	4	2	3	1	2	0	0	0	0	0	0	0	0	0
*	*	3p	-	16	7837	5662	5791	7781	27071	7	4	1	1	5	5	1	5	3	4	2	0	0	0	0	0	0	0	0	0	0
*	*	3p	-	17	7759	5645	5765	7902	27071	6	1	3	7	2	0	1	3	4	4	3	5	0	0	0	0	0	0	0	0	0
*	*	3p	-	18	7783	5672	5773	7843	27071	7	4	7	4	4	3	2	2	5	1	3	0	0	0	0	0	0	0	0	0	0
*	*	3p	-	19	7880	5694	5686	7811	27071	5	5	2	0	2	6	1	1	2	3	2	3	0	0	0	0	0	0	0	0	0
*	*	3p	-	20	7744	5778	5712	7837	27071	4	4	3	1	2	2	4	1	1	1	3	3	0	0	0	0	0	0	0	0	0
*	*	3p	-	21	7744	5788	5699	7840	27071	3	3	2	3	2	3	3	2	4	0	0	1	0	0	0	0	0	0	0	0	0
*	*	3p	-	22	7576	5794	5782	7919	27071	2	2	2	1	0	3	2	0	3	2	2	2	0	0	0	0	0	0	0	0	0
*	*	3p	-	23	7812	5793	5473	7993	27071	6	5	1	2	1	3	2	1	2	1	0	2	0	0	0	0	0	0	0	0	0
*	*	3p	-	24	7719	5706	5759	7887	27071	7	6	1	3	2	3	1	4	1	1	5	0	0	0	0	0	0	0	0	0	0
*	*	3p	-	25	7754	5723	5604	7990	27071	8	2	2	6	2	3	2	2	2	4	0	1	0	0	0	0	0	0	0	0	0
*	*	3p	-	26	7793	5737	5699	7842	27071	5	3	4	6	2	0	3	0	2	1	3	2	0	0	0	0	0	0	0	0	0
*	*	3p	-	27	7839	5750	5655	7827	27071	6	2	3	4	2	2	2	3	3	3	0	1	0	0	0	0	0	0	0	0	0
*	*	3p	-	28	7827	5758	5719	7767	27071	7	6	2	6	3	2	1	0	2	4	2	0	0	0	0	0	0	0	0	0	0
*	*	3p	-	29	7773	5771	5687	7840	27071	5	6	4	2	3	1	0	3	3	1	6	2	0	0	0	0	0	0	0	0	0
*	*	3p	-	30	7798	5730	5624	7919	27071	7	3	2	2	2	7	2	1	2	0	1	0	0	0	0	0	0	0	0	0	0
*	*	3p	-	31	7716	5827	5689	7839	27071	4	4	2	4	2	4	4	1	2	3	0	1	0	0	0	0	0	0	0	0	0
*	*	3p	-	32	7952	5645	5576	7898	27071	5	5	2	2	1	3	1	0	8	4	2	3	0	0	0	0	0	0	0	0	0
*	*	3p	-	33	7755	5735	5804	7777	27071	9	2	3	2	2	3	0	3	3	2	3	2	0	0	0	0	0	0	0	0	0
*	*	3p	-	34	8006	5548	5679	7838	27071	3	1	5	4	1	2	1	0	6	4	2	4	0	0	0	0	0	0	0	0	0
*	*	3p	-	35	7784	5751	5624	7912	27071	6	7	1	2	6	3	0	1	1	4	5	1	0	0	0	0	0	0	0	0	0
*	*	3p	-	36	7539	5375	5436	7656	26006	6	10	3	4	3	0	2	1	1	4	0	2	0	0	0	0	0	0	0	0	0
*	*	3p	-	37	7297	5169	5212	7240	24918	8	9	1	1	2	2	4	0	1	2	2	0	0	0	0	0	0	0	0	0	0
*	*	3p	-	38	6962	5049	4944	6847	23802	5	8	4	3	1	3	1	1	2	5	2	1	0	0	0	0	0	0	0	0	0
*	*	3p	-	39	6660	4757	4717	6628	22762	3	4	3	2	1	1	1	1	4	3	1	0	0	0	0	0	0	0	0	0	0
*	*	3p	-	40	6258	4591	4468	6354	21671	4	7	2	2	0	2	2	1	2	0	0	1	0	0	0	0	0	0	0	0	0
*	*	3p	-	41	6109	4255	4298	5980	20642	1	5	2	5	0	4	1	3	3	3	0	0	0	0	0	0	0	0	0	0	0
*	*	3p	-	42	5751	4044	4251	5589	19635	5	10	1	1	3	2	5	2	0	0	1	0	0	0	0	0	0	0	0	0	0
*	*	3p	-	43	5455	3820	3905	5383	18563	3	5	4	7	1	1	2	0	3	0	1	1	0	0	0	0	0	0	0	0	0
*	*	3p	-	44	5154	3664	3706	5029	17553	3	14	1	3	4	1	3	1	3	2	2	2	0	0	0	0	0	0	0	0	0
*	*	3p	-	45	4774	3478	3479	4831	16562	3	3	1	3	0	2	1	1	1	2	2	1	0	0	0	0	0	0	0	0	0
*	*	3p	-	46	4604	3236	3321	4487	15648	2	15	3	0	1	0	0	0	1	0	0	0	0	0	0	0	0	0	0	0	0
*	*	3p	-	47	4298	3143	3081	4209	14731	1	5	2	3	2	2	0	1	3	2	1	2	0	0	0	0	0	0	0	0	0
*	*	3p	-	48	4027	2876	2950	3999	13852	3	7	1	0	1	0	1	3	1	6	1	4	0	0	0	0	0	0	0	0	0
*	*	3p	-	49	3764	2781	2681	3783	13009	4	6	1	2	1	1	2	2	0	0	3	1	0	0	0	0	0	0	0	0	0
*	*	3p	-	50	3523	2606	2606	3478	12213	3	13	2	1	2	3	0	0	0	2	0	2	0	0	0	0	0	0	0	0	0
*	*	3p	-	51	3316	2404	2426	3325	11471	5	5	3	1	3	0	0	0	0	0	0	1	0	0	0	0	0	0	0	0	0
*	*	3p	-	52	3185	2293	2248	3070	10796	1	7	1	2	0	0	1	0	0	1	0	0	0	0	0	0	0	0	0	0	0
*	*	3p	-	53	2876	2137	2170	2939	10122	1	7	2	2	2	1	0	1	1	1	2	0	0	0	0	0	0	0	0	0	0
*	*	3p	-	54	2762	1952	1985	2765	9464	2	4	0	0	0	1	1	1	3	0	1	1	0	0	0	0	0	0	0	0	0
*	*	3p	-	55	2556	1871	1868	2606	8901	2	2	3	0	1	1	1	2	3	3	2	0	0	0	0	0	0	0	0	0	0
*	*	3p	-	56	2403	1719	1738	2442	8302	1	6	3	1	2	1	1	0	2	2	1	0	0	0	0	0	0	0	0	0	0
*	*	3p	-	57	2205	1666	1680	2216	7767	2	7	0	2	0	0	2	0	1	1	0	0	0	0	0	0	0	0	0	0	0
*	*	3p	-	58	2125	1531	1530	2111	7297	2	5	4	0	0	1	0	1	0	0	2	1	0	0	0	0	0	0	0	0	0
*	*	3p	-	59	1964	1449	1387	1963	6763	2	1	0	1	0	0	1	0	2	0	0	1	0	0	0	0	0	0	0	0	0
*	*	3p	-	60	1820	1356	1318	1865	6359	0	5	0	0	2	0	0	1	1	1	0	0	0	0	0	0	0	0	0	0	0
*	*	3p	-	61	1705	1225	1321	1735	5986	2	4	0	0	0	0	1	0	0	1	2	0	0	0	0	0	0	0	0	0	0
*	*	3p	-	62	1588	1235	1182	1580	5585	2	5	2	0	1	1	1	1	0	0	0	0	0	0	0	0	0	0	0	0	0
*	*	3p	-	63	1532	1097	1123	1500	5252	3	6	2	2	0	2	1	1	0	0	1	0	0	0	0	0	0	0	0	0	0
*	*	3p	-	64	1445	1035	1005	1457	4942	1	4	2	0	0	1	1	0	1	0	1	1	0	0	0	0	0	0	0	0	0
*	*	3p	-	65	1371	970	918	1325	4584	0	1	2	0	1	1	0	0	0	0	0	0	0	0	0	0	0	0	0	0	0
*	*	3p	-	66	1212	917	885	1226	4240	0	2	1	2	0	0	1	0	0	0	0	0	0	0	0	0	0	0	0	0	0
*	*	3p	-	67	1172	834	773	1120	3899	0	1	0	0	0	0	0	0	1	1	0	0	0	0	0	0	0	0	0	0	0
*	*	3p	-	68	1010	781	744	1062	3597	0	2	0	0	0	0	0	1	0	0	0	0	0	0	0	0	0	0	0	0	0
*	*	3p	-	69	967	724	689	942	3322	0	3	0	0	0	1	1	0	1	0	1	0	0	0	0	0	0	0	0	0	0
*	*	3p	-	70	883	634	672	864	3053	0	5	0	0	0	0	0	0	1	1	1	1	0	0	0	0	0	0	0	0	0
*	*	5p	+	1	7925	5818	5615	7880	27238	2	105	6	5	3	5	0	3	7	8	3	2	0	0	0	0	0	0	0	0	0
*	*	5p	+	2	7919	5661	5810	7848	27238	2	56	6	3	4	5	0	1	2	5	1	1	0	0	0	0	0	0	0	0	0
*	*	5p	+	3	7896	5800	5650	7892	27238	2	36	6	2	2	4	1	2	3	1	3	1	0	0	0	0	0	0	0	0	0
*	*	5p	+	4	7856	5689	5683	8010	27238	6	41	1	5	1	3	2	3	4	3	0	2	0	0	0	0	0	0	0	0	0
*	*	5p	+	5	7946	5687	5705	7900	27238	2	21	3	0	3	2	8	2	4	4	7	1	0	0	0	0	0	0	0	0	0
*	*	5p	+	6	7905	5770	5764	7799	27238	6	12	6	4	2	6	1	1	0	3	2	2	0	0	0	0	0	0	0	0	0
*	*	5p	+	7	8017	5671	5599	7951	27238	5	11	4	2	4	2	2	0	2	6	0	0	0	0	0	0	0	0	0	0	0
*	*	5p	+	8	7981	5711	5641	7905	27238	2	8	5	3	3	4	2	3	3	1	2	2	0	0	0	0	0	0	0	0	0
*	*	5p	+	9	7881	5766	5827	7764	27238	2	7	3	6	2	4	6	4	0	4	1	5	0	0	0	0	0	0	0	0	0
*	*	5p	+	10	7923	5708	5687	7920	27238	3	8	3	2	4	2	2	2	2	3	1	1	0	0	0	0	0	0	0	0	0
*	*	5p	+	11	7969	5743	5778	7748	27238	4	9	4	3	5	1	3	2	3	3	3	2	0	0	0	0	0	0	0	0	0
*	*	5p	+	12	7884	5736	5717	7901	27238	3	3	2	1	4	5	0	4	2	7	2	1	0	0	0	0	0	0	0	0	0
*	*	5p	+	13	7923	5755	5690	7870	27238	6	3	2	2	4	1	4	3	6	1	1	3	0	0	0	0	0	0	0	0	0
*	*	5p	+	14	8020	5728	5727	7763	27238	5	4	1	6	3	2	3	3	3	4	1	3	0	0	0	0	0	0	0	0	0
*	*	5p	+	15	7914	5755	5713	7856	27238	3	7	2	1	3	2	1	4	1	1	1	2	0	0	0	0	0	0	0	0	0
*	*	5p	+	16	7941	5625	5794	7878	27238	5	3	5	2	5	1	1	1	1	2	2	1	0	0	0	0	0	0	0	0	0
*	*	5p	+	17	7947	5642	5800	7849	27238	4	2	1	2	4	1	0	0	2	1	0	1	0	0	0	0	0	0	0	0	0
*	*	5p	+	18	7927	5651	5759	7901	27238	5	2	3	1	2	1	2	0	2	4	1	1	0	0	0	0	0	0	0	0	0
*	*	5p	+	19	7818	5732	5682	8006	27238	4	5	4	3	1	2	0	1	2	1	2	1	0	0	0	0	0	0	0	0	0
*	*	5p	+	20	7805	5712	5781	7940	27238	1	2	4	3	4	1	4	0	2	1	2	1	0	0	0	0	0	0	0	0	0
*	*	5p	+	21	7836	5763	5634	8005	27238	3	3	1	2	1	2	1	0	3	3	2	0	0	0	0	0	0	0	0	0	0
*	*	5p	+	22	7869	5774	5561	8034	27238	4	0	5	0	2	1	2	0	0	1	1	1	0	0	0	0	0	0	0	0	0
*	*	5p	+	23	7847	5713	5701	7977	27238	6	3	0	0	1	1	0	2	1	0	2	1	0	0	0	0	0	0	0	0	0
*	*	5p	+	24	7819	5753	5753	7913	27238	4	1	0	0	5	3	2	3	3	1	0	1	0	0	0	0	0	0	0	0	0
*	*	5p	+	25	7806	5725	5841	7866	27238	5	1	3	2	2	2	1	0	6	0	1	1	0	0	0	0	0	0	0	0	0
*	*	5p	+	26	7883	5816	5712	7827	27238	7	5	1	1	3	5	3	0	3	3	4	3	0	0	0	0	0	0	0	0	0
*	*	5p	+	27	7864	5686	5755	7933	27238	6	2	4	0	1	2	1	3	4	3	1	0	0	0	0	0	0	0	0	0	0
*	*	5p	+	28	7927	5806	5770	7735	27238	4	0	4	1	4	5	2	3	4	2	4	2	0	0	0	0	0	0	0	0	0
*	*	5p	+	29	7841	5729	5786	7882	27238	4	2	4	4	3	1	3	0	2	2	1	3	0	0	0	0	0	0	0	0	0
*	*	5p	+	30	7824	5689	5714	8011	27238	6	4	1	4	4	0	2	1	4	4	2	0	0	0	0	0	0	0	0	0	0
*	*	5p	+	31	7821	5699	5786	7932	27238	7	1	3	1	2	3	5	3	4	1	5	1	0	0	0	0	0	0	0	0	0
*	*	5p	+	32	7851	5739	5752	7896	27238	6	3	0	1	3	2	2	0	1	5	1	2	0	0	0	0	0	0	0	0	0
*	*	5p	+	33	7865	5730	5808	7835	27238	9	7	1	3	2	5	2	2	5	2	3	2	0	0	0	0	0	0	0	0	0
*	*	5p	+	34	7664	5797	5755	8022	27238	7	1	6	3	3	1	0	3	2	1	1	0	0	0	0	0	0	0	0	0	0
*	*	5p	+	35	7875	5691	5785	7887	27238	9	4	1	1	1	1	5	2	2	3	1	4	0	0	0	0	0	0	0	0	0
*	*	5p	+	36	7563	5371	5561	7595	26090	9	2	4	1	2	1	3	2	2	0	2	3	0	0	0	0	0	0	0	0	0
*	*	5p	+	37	7223	5213	5152	7349	24937	7	0	2	2	1	3	1	2	4	4	4	3	0	0	0	0	0	0	0	0	0
*	*	5p	+	38	6882	5090	4960	6887	23819	8	4	2	2	1	3	4	1	3	0	1	0	0	0	0	0	0	0	0	0	0
*	*	5p	+	39	6632	4823	4674	6535	22664	7	7	1	0	3	4	0	6	0	3	0	2	0	0	0	0	0	0	0	0	0
*	*	5p	+	40	6395	4498	4565	6117	21575	13	2	1	2	1	2	3	1	3	1	1	1	0	0	0	0	0	0	0	0	0
*	*	5p	+	41	6065	4325	4283	5900	20573	7	4	3	2	1	2	2	1	1	2	3	0	0	0	0	0	0	0	0	0	0
*	*	5p	+	42	5704	4134	4131	5634	19603	15	1	1	1	3	4	1	2	4	1	0	1	0	0	0	0	0	0	0	0	0
*	*	5p	+	43	5338	3943	3884	5352	18517	10	4	2	4	0	1	3	1	1	1	3	1	0	0	0	0	0	0	0	0	0
*	*	5p	+	44	5212	3644	3693	4974	17523	13	2	1	1	2	4	2	1	0	3	2	2	0	0	0	0	0	0	0	0	0
*	*	5p	+	45	4832	3467	3482	4734	16515	11	2	5	1	1	4	1	4	5	1	1	2	0	0	0	0	0	0	0	0	0
*	*	5p	+	46	4402	3287	3236	4579	15504	13	0	5	0	3	0	1	2	2	4	1	2	0	0	0	0	0	0	0	0	0
*	*	5p	+	47	4234	3061	3085	4189	14569	10	2	1	1	4	1	1	3	3	1	2	1	0	0	0	0	0	0	0	0	0
*	*	5p	+	48	3957	2924	2950	3936	13767	12	0	3	4	2	2	1	2	2	1	1	0	0	0	0	0	0	0	0	0	0
*	*	5p	+	49	3783	2598	2821	3780	12982	10	0	1	1	2	1	0	1	2	1	0	1	0	0	0	0	0	0	0	0	0
*	*	5p	+	50	3529	2620	2560	3460	12169	8	2	2	5	2	2	2	2	2	2	0	1	0	0	0	0	0	0	0	0	0
*	*	5p	+	51	3295	2419	2403	3311	11428	8	3	4	3	1	0	0	1	1	2	3	1	0	0	0	0	0	0	0	0	0
*	*	5p	+	52	3054	2360	2217	3107	10738	4	2	0	2	2	2	4	0	1	0	0	1	0	0	0	0	0	0	0	0	0
*	*	5p	+	53	2892	2040	2131	2981	10044	6	0	2	1	1	3	2	0	2	1	0	1	0	0	0	0	0	0	0	0	0
*	*	5p	+	54	2763	1922	2034	2703	9422	4	1	2	1	1	0	0	1	2	0	1	2	0	0	0	0	0	0	0	0	0
*	*	5p	+	55	2555	1871	1858	2578	8862	1	0	0	1	1	2	0	1	2	2	0	0	0	0	0	0	0	0	0	0	0
*	*	5p	+	56	2411	1735	1809	2340	8295	4	1	0	1	1	2	1	1	0	0	0	0	0	0	0	0	0	0	0	0	0
*	*	5p	+	57	2238	1621	1629	2305	7793	10	1	0	0	1	1	1	2	4	1	2	0	0	0	0	0	0	0	0	0	0
*	*	5p	+	58	2112	1559	1534	2123	7328	8	0	1	0	2	0	1	2	0	3	0	0	0	0	0	0	0	0	0	0	0
*	*	5p	+	59	1990	1402	1450	1973	6815	8	2	3	0	0	1	0	1	0	0	1	0	0	0	0	0	0	0	0	0	0
*	*	5p	+	60	1887	1302	1351	1819	6359	2	1	0	1	1	1	0	1	1	0	0	0	0	0	0	0	0	0	0	0	0
*	*	5p	+	61	1668	1240	1281	1782	5971	1	2	1	1	0	0	1	2	1	0	1	0	0	0	0	0	0	0	0	0	0
*	*	5p	+	62	1605	1137	1264	1569	5575	7	0	0	0	0	2	0	0	1	2	1	3	0	0	0	0	0	0	0	0	0
*	*	5p	+	63	1486	1107	1147	1494	5234	4	0	0	0	1	0	1	0	1	0	1	0	0	0	0	0	0	0	0	0	0
*	*	5p	+	64	1474	1036	994	1404	4908	3	2	1	0	2	1	0	0	0	0	1	1	0	0	0	0	0	0	0	0	0
*	*	5p	+	65	1301	949	1008	1313	4571	5	0	0	0	0	1	0	0	0	1	0	1	0	0	0	0	0	0	0	0	0
*	*	5p	+	66	1233	914	910	1196	4253	7	0	1	1	0	1	0	2	1	0	1	0	0	0	0	0	0	0	0	0	0
*	*	5p	+	67	1118	828	823	1181	3950	6	0	0	1	1	0	0	1	1	0	1	0	0	0	0	0	0	1	0	0	0
*	*	5p	+	68	1060	778	738	1059	3635	7	0	1	1	1	0	1	0	0	0	0	1	0	0	0	0	0	0	0	0	0
*	*	5p	+	69	921	703	760	964	3348	5	0	1	1	1	0	0	0	0	1	1	1	0	0	0	0	0	0	0	0	0
*	*	5p	+	70	876	629	643	936	3084	3	0	1	0	0	1	0	1	0	0	0	0	0	0	0	0	0	0	0	0	0
*	*	5p	-	1	7954	5740	5688	7689	27071	5	80	2	1	4	2	2	2	4	4	3	1	0	0	0	0	0	0	0	0	0
*	*	5p	-	2	7881	5653	5652	7885	27071	1	44	2	3	2	1	2	1	1	1	2	2	0	0	0	0	0	0	0	0	0
*	*	5p	-	3	7920	5601	5789	7761	27071	2	15	1	3	3	2	0	0	0	3	1	0	0	0	0	0	0	0	0	0	0
*	*	5p	-	4	7986	5575	5598	7912	27071	3	19	3	4	4	2	4	4	3	2	4	2	0	0	0	0	0	0	0	0	0
*	*	5p	-	5	7922	5627	5645	7877	27071	3	10	7	1	4	3	3	2	3	2	3	0	0	0	0	0	0	0	0	0	0
*	*	5p	-	6	7845	5503	5844	7879	27071	7	6	3	6	5	2	1	3	2	2	2	2	0	0	0	0	0	0	0	0	0
*	*	5p	-	7	7785	5662	5691	7933	27071	3	10	1	2	0	1	2	1	1	1	3	2	0	0	0	0	0	0	0	0	0
*	*	5p	-	8	7825	5687	5775	7784	27071	3	9	2	1	0	4	2	3	1	3	1	1	0	0	0	0	0	0	0	0	0
*	*	5p	-	9	7828	5749	5738	7756	27071	7	6	4	5	1	0	2	0	4	2	3	0	0	0	0	0	0	0	0	0	0
*	*	5p	-	10	7933	5726	5591	7821	27071	5	5	3	3	5	2	2	4	2	5	2	1	0	0	0	0	0	0	0	0	0
*	*	5p	-	11	7943	5734	5643	7751	27071	3	4	3	4	2	4	4	1	4	1	1	1	0	0	0	0	0	0	0	0	0
*	*	5p	-	12	7871	5751	5546	7903	27071	3	7	1	3	0	2	1	0	4	2	2	3	0	0	0	0	0	0	0	0	0
*	*	5p	-	13	7998	5712	5573	7788	27071	6	4	4	4	4	3	2	4	0	3	2	2	0	0	0	0	0	0	0	0	0
*	*	5p	-	14	7893	5670	5723	7785	27071	3	4	5	4	2	3	1	3	3	2	1	1	0	0	0	0	0	0	0	0	0
*	*	5p	-	15	7828	5582	5733	7928	27071	4	2	0	4	1	2	4	0	3	2	3	0	0	0	0	0	0	0	0	0	0
*	*	5p	-	16	7754	5681	5762	7874	27071	5	1	5	1	3	2	0	1	4	5	3	1	0	0	0	0	0	0	0	0	0
*	*	5p	-	17	7880	5608	5703	7880	27071	3	3	4	1	3	3	4	1	1	2	0	4	0	0	0	0	0	0	0	0	0
*	*	5p	-	18	7661	5803	5662	7945	27071	5	4	5	1	3	5	2	2	2	2	3	3	0	0	0	0	0	0	0	0	0
*	*	5p	-	19	7924	5798	5585	7764	27071	2	2	3	2	1	1	2	0	3	4	1	0	0	0	0	0	0	0	0	0	0
*	*	5p	-	20	7854	5750	5680	7787	27071	8	5	1	4	2	1	2	0	3	1	1	1	0	0	0	0	0	0	0	0	0
*	*	5p	-	21	7649	5815	5684	7923	27071	2	4	2	3	1	3	1	2	2	3	2	0	0	0	0	0	0	0	0	0	0
*	*	5p	-	22	7877	5618	5884	7692	27071	4	3	1	2	1	2	1	1	3	0	2	2	0	0	0	0	0	0	0	0	0
*	*	5p	-	23	7798	5649	5718	7906	27071	2	0	3	3	1	4	2	1	0	1	1	0	0	0	0	0	0	0	0	0	0
*	*	5p	-	24	7820	5789	5665	7797	27071	6	4	4	5	3	4	3	2	3	5	1	3	0	0	0	0	0	0	0	0	0
*	*	5p	-	25	7749	5766	5682	7874	27071	7	6	4	2	4	2	4	2	4	1	2	4	0	0	0	0	0	0	0	0	0
*	*	5p	-	26	7766	5736	5769	7800	27071	4	2	4	2	1	6	2	0	5	2	3	2	0	0	0	0	0	0	0	0	0
*	*	5p	-	27	7809	5658	5648	7956	27071	10	6	1	5	4	2	1	2	1	3	1	2	0	0	0	0	0	0	0	0	0
*	*	5p	-	28	7846	5743	5618	7864	27071	10	8	0	6	4	2	1	2	0	5	4	1	0	0	0	0	0	0	0	0	0
*	*	5p	-	29	7809	5771	5660	7831	27071	6	7	4	2	3	1	3	0	4	0	2	2	0	0	0	0	0	0	0	0	0
*	*	5p	-	30	7844	5708	5586	7932	27070	6	2	3	3	3	3	3	2	4	1	3	2	0	0	0	0	0	0	0	1	0
*	*	5p	-	31	7907	5736	5581	7847	27071	10	3	6	6	4	6	1	1	3	1	0	4	0	0	0	0	0	0	0	0	0
*	*	5p	-	32	7897	5687	5539	7948	27071	11	4	3	0	1	4	1	6	6	2	3	3	0	0	0	0	0	0	0	0	0
*	*	5p	-	33	7898	5629	5699	7845	27071	9	2	2	4	2	2	2	1	3	5	1	1	0	0	0	0	0	0	0	0	0
*	*	5p	-	34	7775	5725	5702	7869	27071	11	4	3	2	7	0	2	1	4	3	0	0	0	0	0	0	0	0	0	0	0
*	*	5p	-	35	7907	5678	5637	7849	27071	12	6	2	5	0	8	2	0	5	3	2	1	0	0	0	0	0	0	0	0	0
*	*	5p	-	36	7481	5476	5403	7646	26006	18	2	2	2	4	2	1	1	2	2	1	5	0	0	0	0	0	0	0	0	0
*	*	5p	-	37	7195	5255	5264	7204	24918	10	3	3	3	1	2	3	4	3	7	1	1	0	0	0	0	0	0	0	0	0
*	*	5p	-	38	6946	4903	5085	6868	23802	9	5	7	5	2	4	1	4	3	2	2	2	0	0	0	0	0	0	0	0	0
*	*	5p	-	39	6619	4657	4900	6586	22762	19	2	5	1	1	3	2	0	0	1	3	1	0	0	0	0	0	0	0	0	0
*	*	5p	-	40	6164	4563	4560	6384	21671	13	2	5	1	4	2	2	1	1	5	4	1	0	0	0	0	0	0	0	0	0
*	*	5p	-	41	5882	4422	4264	6074	20642	12	3	4	2	1	2	1	3	2	2	5	0	0	0	0	0	0	0	0	0	0
*	*	5p	-	42	5674	4145	4018	5798	19635	14	1	2	2	2	1	0	1	2	1	3	2	0	0	0	0	0	0	0	0	0
*	*	5p	-	43	5377	3840	3979	5367	18563	8	6	2	0	5	2	2	1	2	2	3	1	0	0	0	0	0	0	0	0	0
*	*	5p	-	44	5096	3653	3708	5096	17553	14	2	1	4	3	1	0	1	7	2	1	3	0	0	0	0	0	0	0	0	0
*	*	5p	-	45	4746	3473	3521	4822	16562	14	2	3	3	0	1	0	1	6	1	0	2	0	0	0	0	0	0	0	0	0
*	*	5p	-	46	4483	3243	3368	4554	15648	15	1	2	1	3	3	3	0	2	3	1	0	0	0	0	0	0	0	0	0	0
*	*	5p	-	47	4208	3203	2993	4327	14731	11	2	2	4	5	1	1	1	1	0	0	2	0	0	0	0	0	0	0	0	0
*	*	5p	-	48	3962	2977	2947	3966	13852	11	1	2	0	0	2	0	0	3	0	0	0	0	0	0	0	0	0	0	0	0
*	*	5p	-	49	3774	2732	2816	3687	13009	11	1	2	2	0	0	0	1	2	1	1	2	0	0	0	0	0	0	0	0	0
*	*	5p	-	50	3531	2632	2585	3465	12213	9	0	4	1	2	3	2	1	3	1	2	2	0	0	0	0	0	0	0	0	0
*	*	5p	-	51	3233	2406	2405	3427	11471	12	1	1	0	0	1	2	3	0	2	1	1	0	0	0	0	0	0	0	0	0
*	*	5p	-	52	3160	2255	2285	3096	10796	6	1	0	2	1	1	0	2	3	0	1	2	0	0	0	0	0	0	0	0	0
*	*	5p	-	53	2994	2188	2042	2898	10122	16	2	1	2	0	1	1	1	2	1	0	2	0	0	0	0	0	0	0	0	0
*	*	5p	-	54	2812	2062	1895	2695	9464	6	0	4	2	3	2	2	0	1	2	0	2	0	0	0	0	0	0	0	0	0
*	*	5p	-	55	2611	1905	1841	2544	8901	11	2	0	1	1	2	2	0	0	0	0	0	0	0	0	0	0	0	0	0	0
*	*	5p	-	56	2352	1851	1732	2367	8302	5	1	0	2	1	1	0	0	1	0	1	0	0	0	0	0	0	0	0	0	0
*	*	5p	-	57	2277	1679	1603	2208	7767	7	1	3	0	1	0	1	0	2	1	1	0	0	0	0	0	0	0	0	0	0
*	*	5p	-	58	2138	1486	1556	2117	7297	10	1	3	3	1	1	1	1	1	1	0	0	0	0	0	0	0	0	0	0	0
*	*	5p	-	59	1941	1426	1475	1921	6763	7	1	1	3	0	1	1	0	0	0	2	0	0	0	0	0	0	0	0	0	0
*	*	5p	-	60	1888	1348	1310	1813	6359	4	0	1	0	2	0	0	2	1	1	1	1	0	0	0	0	0	0	0	0	0
*	*	5p	-	61	1716	1302	1216	1752	5986	7	0	0	0	1	2	0	2	1	1	1	0	0	0	0	0	0	0	0	0	0
*	*	5p	-	62	1532	1213	1171	1669	5585	4	3	1	1	1	1	0	1	0	0	3	3	0	0	0	0	0	0	0	0	0
*	*	5p	-	63	1510	1125	1049	1568	5252	13	0	0	2	3	1	0	0	1	0	0	0	0	0	0	0	0	0	0	0	0
*	*	5p	-	64	1389	1023	1075	1455	4942	1	2	1	0	1	0	0	1	0	0	0	2	0	0	0	0	0	0	0	0	0
*	*	5p	-	65	1289	979	973	1343	4584	5	2	1	0	0	1	0	0	0	2	0	0	0	0	0	0	0	0	0	0	0
*	*	5p	-	66	1241	883	942	1174	4240	3	1	1	0	2	1	1	0	0	0	2	2	0	0	0	0	0	0	0	0	0
*	*	5p	-	67	1130	807	868	1094	3899	1	0	1	1	1	1	1	0	0	0	0	1	0	0	0	0	0	0	0	0	0
*	*	5p	-	68	1043	765	758	1029	3595	2	1	2	0	0	2	0	0	1	2	1	0	0	0	0	0	0	0	0	0	0
*	*	5p	-	69	948	692	704	977	3321	0	0	1	0	2	0	1	0	0	0	0	0	0	0	0	0	0	0	0	0	0
*	*	5p	-	70	874	619	688	871	3052	3	0	0	0	1	2	1	0	2	1	1	1	0	0	0	0	0	0	0	0	0
